1.0 0.9178 0.124 0.5942 0.2408 0.7021
1.0 0.9167 0.7721 0.6705 0.9996 0.9051
1.0 0.9096 0.0001 0.6272 0.1109 0.7939
0.0 0.8994 0.0467 0.7125 0.0912 0.7484
0.0 0.8922 0.2145 0.6451 0.2345 0.6647
0.0 0.8909 0.7796 0.7753 0.818 0.8284
1.0 0.8054 0.655 0.5807 0.7494 0.7046
0.0 0.6843 0.6575 0.6422 0.6693 0.6598
0.0 0.6755 0.2863 0.6128 0.299 0.6262
1.0 0.4475 0.2337 0.5729 0.3007 0.6448
1.0 0.3275 0.5988 0.5688 0.6224 0.6163
0.0 0.2982 0.5991 0.5918 0.6048 0.6012
1.0 0.1953 0.3028 0.5697 0.3509 0.6248
