1.0 0.8945 0.8274 0.6589 0.9999 0.9688
0.0 0.89 0.034 0.8105 0.1018 0.8793
0.0 0.8896 0.8534 0.7912 0.9241 0.8687
0.0 0.8887 0.2495 0.6813 0.2736 0.7094
1.0 0.8887 0.7353 0.6016 0.8568 0.7404
0.0 0.8825 0.7382 0.6762 0.7602 0.7052
1.0 0.864 0.1258 0.6164 0.2822 0.7631
1.0 0.8607 0.0002 0.6654 0.128 0.9437
1.0 0.7905 0.6664 0.5844 0.7423 0.6769
0.0 0.6922 0.6686 0.6263 0.6807 0.6423
1.0 0.4395 0.2748 0.591 0.3315 0.6786
0.0 0.4049 0.3141 0.6278 0.3281 0.6464
1.0 0.3692 0.3393 0.5556 0.3998 0.6247
0.0 0.1266 0.392 0.5904 0.4 0.6019
