0.0 0.9168 0.7782 0.7713 0.8292 0.8381
1.0 0.9007 0.764 0.649 0.9867 0.9585
0.0 0.8987 0.2405 0.6697 0.2655 0.6961
0.0 0.889 0.0378 0.7801 0.0995 0.8382
1.0 0.8761 0.0001 0.6533 0.1227 0.8925
1.0 0.8624 0.1291 0.6081 0.2751 0.7417
0.0 0.849 0.704 0.6699 0.7199 0.6953
1.0 0.8483 0.7018 0.5982 0.8068 0.7229
1.0 0.7429 0.6459 0.582 0.7136 0.6719
1.0 0.723 0.2529 0.5846 0.3246 0.6693
1.0 0.4368 0.332 0.5545 0.3967 0.6208
0.0 0.4002 0.6469 0.623 0.6582 0.6383
0.0 0.4001 0.307 0.6217 0.3208 0.6401
0.0 0.3979 0.3857 0.5882 0.3944 0.5993
