1.0 0.9074 0.7458 0.5596 0.9712 0.7809
0.0 0.9032 0.7495 0.6774 0.7718 0.7079
0.0 0.9009 0.2312 0.7105 0.2604 0.7454
1.0 0.8754 0.0563 0.5845 0.2695 0.803
1.0 0.8701 0.2941 0.5817 0.3547 0.6851
0.0 0.8605 0.34 0.6364 0.3522 0.6525
0.0 0.8538 0.696 0.6238 0.7092 0.6408
1.0 0.798 0.5236 0.5184 0.5716 0.5701
1.0 0.7771 0.6948 0.5736 0.7707 0.6664
1.0 0.7248 0.6611 0.5735 0.7045 0.6336
1.0 0.7154 0.9337 0.6277 0.9999 0.9204
0.0 0.7069 0.6622 0.6021 0.6708 0.6136
1.0 0.6658 0.0002 0.6692 0.0761 0.9511
0.0 0.6408 0.9657 0.8096 0.9999 0.8683
0.0 0.5851 0.0 0.8204 0.0499 0.8846
0.0 0.5825 0.3747 0.6012 0.3829 0.6131
0.0 0.4778 0.6008 0.5565 0.6149 0.5626
1.0 0.4596 0.5763 0.5197 0.627 0.5716
1.0 0.4509 0.4629 0.5201 0.5131 0.5704
0.0 0.3547 0.5419 0.5547 0.5545 0.5611
1.0 0.3048 0.3199 0.5669 0.3848 0.6345
1.0 0.2289 0.4095 0.5224 0.4379 0.5697
1.0 0.2038 0.3691 0.5627 0.4096 0.614
0.0 0.193 0.402 0.5872 0.4088 0.5966
1.0 0.1715 0.629 0.5129 0.6918 0.5599
0.0 0.1583 0.6204 0.5844 0.627 0.5956
