1.0 0.9104 0.1239 0.6064 0.3003 0.7424
1.0 0.9047 0.2956 0.5683 0.3887 0.6634
1.0 0.901 0.8788 0.6108 0.9719 0.7547
0.0 0.901 0.3588 0.6174 0.3817 0.6359
0.0 0.8874 0.2506 0.6673 0.2865 0.6959
0.0 0.8787 0.8854 0.6749 0.9105 0.7056
0.0 0.8352 0.4398 0.5923 0.4527 0.6047
1.0 0.7379 0.7916 0.5712 0.8802 0.6695
1.0 0.7373 0.3867 0.5633 0.4544 0.6286
0.0 0.402 0.7927 0.6106 0.8011 0.6257
1.0 0.3866 0.5989 0.5059 0.6341 0.544
1.0 0.2729 0.8621 0.5235 0.9263 0.5707
0.0 0.1678 0.499 0.5726 0.5065 0.5819
