1.0 0.9162 0.0026 0.6097 0.1507 0.7557
1.0 0.8998 0.7408 0.6252 0.8852 0.7892
0.0 0.8995 0.7495 0.7042 0.7799 0.7387
0.0 0.8957 0.1071 0.6732 0.1396 0.7021
1.0 0.8933 0.8572 0.6894 1.0 0.9916
1.0 0.8639 0.168 0.5792 0.2734 0.6702
0.0 0.7984 0.8869 0.837 0.9576 0.9167
1.0 0.4421 0.2571 0.5694 0.3024 0.6194
1.0 0.4346 0.6293 0.5505 0.6632 0.613
1.0 0.4325 0.4014 0.4835 0.4587 0.5728
0.0 0.4314 0.2529 0.6206 0.2686 0.6379
0.0 0.3878 0.2893 0.592 0.3003 0.605
0.0 0.3638 0.6576 0.611 0.6669 0.6256
0.0 0.3496 0.631 0.5849 0.6389 0.5964
1.0 0.1734 0.6553 0.5788 0.6681 0.6425
