1.0 0.9183 0.1806 0.5348 0.2913 0.6601
1.0 0.9064 0.7449 0.5917 0.8804 0.7469
1.0 0.899 0.0506 0.5324 0.1857 0.6517
0.0 0.8776 0.7504 0.6654 0.7745 0.6924
0.0 0.8665 0.0653 0.6195 0.0925 0.6301
0.0 0.8333 0.8829 0.7744 0.932 0.8302
1.0 0.8167 0.867 0.5981 1.0 0.9026
0.0 0.7816 0.1999 0.6304 0.2317 0.6421
0.0 0.7446 0.6769 0.6101 0.6881 0.6244
1.0 0.702 0.6292 0.5476 0.6805 0.6188
1.0 0.6797 0.6755 0.575 0.711 0.6456
0.0 0.3852 0.6273 0.5853 0.6339 0.5935
1.0 0.3597 0.0 0.5708 0.0465 0.6532
1.0 0.3052 0.6115 0.5412 0.6512 0.5882
