1.0 0.9313 0.5304 0.5282 0.6307 0.6426
1.0 0.9153 0.2419 0.5313 0.342 0.6433
1.0 0.9121 0.1006 0.5189 0.2391 0.6491
1.0 0.9044 0.775 0.5155 0.8885 0.636
0.0 0.8942 0.7045 0.6207 0.7346 0.6316
0.0 0.8829 0.1189 0.6156 0.1463 0.6264
0.0 0.8689 0.4337 0.6145 0.4625 0.625
1.0 0.8687 0.4041 0.5292 0.5046 0.6431
0.0 0.8631 0.5699 0.6167 0.5984 0.6264
0.0 0.8627 0.2637 0.6146 0.2939 0.626
0.0 0.86 0.8518 0.609 0.8771 0.6187
1.0 0.4633 0.6377 0.5341 0.7606 0.6458
1.0 0.4491 0.9523 0.5182 0.9999 0.6325
0.0 0.1829 0.6102 0.3313 0.6213 0.3481
