0.0 0.893 0.7238 0.6417 0.7434 0.6646
0.0 0.8827 0.2815 0.6471 0.297 0.6695
1.0 0.8788 0.2435 0.5938 0.3003 0.707
1.0 0.8768 0.8211 0.5929 1.0 0.8552
1.0 0.871 0.0003 0.5937 0.1934 0.878
0.0 0.857 0.1303 0.7398 0.1769 0.79
1.0 0.8371 0.2904 0.5794 0.35 0.6568
0.0 0.8354 0.6709 0.6045 0.6821 0.6188
0.0 0.8079 0.3371 0.6109 0.3488 0.6262
0.0 0.7772 0.8323 0.7247 0.8702 0.7672
1.0 0.7337 0.6684 0.56 0.7369 0.6451
1.0 0.7218 0.7188 0.5694 0.8646 0.712
0.0 0.6271 0.3864 0.5946 0.3937 0.6056
1.0 0.4522 0.625 0.5481 0.6789 0.6147
1.0 0.4489 0.5586 0.5096 0.599 0.5491
1.0 0.4398 0.3484 0.5637 0.3951 0.6295
1.0 0.4362 0.5185 0.5108 0.5566 0.5504
1.0 0.4339 0.4717 0.5111 0.5096 0.5496
0.0 0.3666 0.6254 0.5809 0.6317 0.5924
0.0 0.3029 0.4857 0.5369 0.4961 0.5414
0.0 0.2147 0.5761 0.5371 0.5864 0.5423
