1.0 0.9287 0.7694 0.6547 1.0 0.9697
0.0 0.9048 0.2499 0.6464 0.2704 0.6695
0.0 0.9027 0.7876 0.7919 0.8378 0.8569
1.0 0.8991 0.1599 0.5991 0.2755 0.7125
1.0 0.794 0.0001 0.6546 0.0634 0.8799
0.0 0.7891 0.0 0.7608 0.0375 0.8093
0.0 0.7054 0.3226 0.6096 0.335 0.6256
1.0 0.4525 0.3356 0.5595 0.3838 0.6187
1.0 0.4524 0.2686 0.5794 0.3362 0.657
1.0 0.4422 0.6314 0.5968 0.6753 0.6941
0.0 0.3849 0.633 0.6398 0.6433 0.6581
0.0 0.3539 0.3754 0.5864 0.3831 0.5977
1.0 0.1766 0.6018 0.5833 0.642 0.6406
0.0 0.145 0.6033 0.6105 0.6106 0.6245
