1.0 0.9061 0.1105 0.5775 0.2272 0.699
1.0 0.8949 0.0002 0.6369 0.1151 0.7965
1.0 0.8934 0.7158 0.5878 0.8753 0.7564
0.0 0.8911 0.2002 0.6384 0.2233 0.6589
0.0 0.8788 0.72 0.6682 0.7375 0.6961
0.0 0.8722 0.8837 0.8401 0.9513 0.9267
1.0 0.8703 0.8613 0.6657 0.9999 0.9864
0.0 0.8583 0.3006 0.6039 0.3127 0.6166
0.0 0.8513 0.0458 0.7061 0.0906 0.7415
1.0 0.7408 0.2302 0.5698 0.3151 0.6429
0.0 0.3031 0.3416 0.5843 0.3536 0.5954
0.0 0.279 0.3394 0.5849 0.3484 0.5951
1.0 0.2248 0.3102 0.56 0.3492 0.6111
