0.0 0.9081 0.2118 0.6863 0.2423 0.7177
0.0 0.903 0.7298 0.7116 0.7537 0.745
1.0 0.9027 0.7247 0.6274 0.8627 0.8049
1.0 0.8692 0.8307 0.7038 0.9999 0.9965
1.0 0.8269 0.0994 0.6177 0.253 0.7703
0.0 0.8057 0.8504 0.8713 0.9239 0.9781
1.0 0.767 0.2364 0.5837 0.3215 0.6784
1.0 0.7562 0.6673 0.581 0.7499 0.6822
1.0 0.7509 0.0 0.6449 0.1085 0.9101
0.0 0.7226 0.3004 0.6232 0.3171 0.6443
0.0 0.7224 0.0068 0.7931 0.0755 0.8584
0.0 0.7163 0.6702 0.6314 0.682 0.6487
1.0 0.3895 0.3284 0.5635 0.3968 0.6267
0.0 0.2464 0.3861 0.5888 0.3946 0.6007
