1.0 0.9057 0.2296 0.5987 0.3191 0.73
0.0 0.8722 0.8265 0.7376 0.8684 0.7861
1.0 0.8703 0.8165 0.584 1.0 0.8786
1.0 0.867 0.0005 0.6244 0.1858 0.9073
0.0 0.8602 0.114 0.7851 0.1649 0.8424
0.0 0.8566 0.7349 0.6505 0.7536 0.6723
0.0 0.8501 0.6857 0.6173 0.6968 0.6314
0.0 0.8383 0.2962 0.6654 0.3145 0.6875
1.0 0.8289 0.4595 0.5189 0.5122 0.5733
0.0 0.8006 0.3492 0.6161 0.3597 0.6319
1.0 0.7996 0.7324 0.5858 0.8421 0.7091
1.0 0.7887 0.3023 0.5801 0.3622 0.6581
1.0 0.7827 0.6841 0.5825 0.744 0.6607
0.0 0.7545 0.543 0.5593 0.5575 0.5648
1.0 0.7511 0.5808 0.5187 0.6357 0.574
1.0 0.726 0.5236 0.519 0.5755 0.5737
0.0 0.7191 0.4775 0.5576 0.4924 0.5636
1.0 0.4485 0.3484 0.5693 0.3944 0.6296
1.0 0.4442 0.6373 0.5126 0.7051 0.563
1.0 0.4413 0.3962 0.5226 0.4323 0.5736
0.0 0.4155 0.3863 0.5969 0.394 0.6072
1.0 0.4114 0.6315 0.56 0.6909 0.6299
0.0 0.3933 0.3984 0.5592 0.4092 0.5642
0.0 0.3774 0.6062 0.5605 0.6209 0.5661
0.0 0.3771 0.6324 0.5938 0.6404 0.6069
