1.0 0.9139 0.1062 0.6021 0.2496 0.7378
1.0 0.9029 0.8368 0.6653 1.0 0.9944
1.0 0.893 0.2412 0.5745 0.3317 0.6596
0.0 0.8865 0.8593 0.8395 0.9303 0.9332
0.0 0.8864 0.2193 0.667 0.2448 0.6936
1.0 0.8578 0.6477 0.5819 0.7078 0.7194
0.0 0.843 0.3156 0.6101 0.3288 0.6266
0.0 0.8414 0.6504 0.6574 0.6691 0.6881
1.0 0.7425 0.5091 0.5195 0.5545 0.5703
0.0 0.6534 0.4563 0.5568 0.4712 0.5632
1.0 0.4533 0.4403 0.5216 0.4898 0.5727
1.0 0.4502 0.322 0.5586 0.3785 0.6228
1.0 0.4408 0.6185 0.5697 0.6781 0.6453
0.0 0.3743 0.6206 0.6166 0.6284 0.6305
0.0 0.3636 0.3682 0.5876 0.3765 0.5989
