1.0 0.9024 0.7806 0.1932 0.8797 0.3215
0.0 0.8991 0.7928 0.2403 0.8177 0.2709
0.0 0.8926 0.3178 0.2134 0.3372 0.2484
1.0 0.8744 0.7119 0.1395 0.7905 0.228
0.0 0.8084 0.7167 0.1692 0.7314 0.185
1.0 0.6821 0.3023 0.1334 0.3634 0.2022
0.0 0.6719 0.3518 0.1598 0.3623 0.1764
1.0 0.4332 0.6579 0.1138 0.7086 0.1773
1.0 0.4254 0.2209 0.1463 0.3424 0.3421
1.0 0.4235 0.6266 0.0961 0.6541 0.1392
1.0 0.4234 0.3929 0.0845 0.43 0.1346
0.0 0.4071 0.6608 0.1367 0.6693 0.1484
0.0 0.3974 0.3921 0.1264 0.3989 0.1374
1.0 0.3566 0.345 0.095 0.3992 0.1653
0.0 0.3381 0.6271 0.1172 0.6333 0.126
0.0 0.2834 0.8512 0.2647 0.8759 0.2868
